,Sex,Sample ID,Season,Site,Month,Year,Ad_Atlantic_Salmon,Ad_cutthroat_trout,Ad_dolly_varden,Ad_Chinook_salmon,Ad_chum_salmon,Ad_coho_salmon,Ad_pink_salmon,Ad_sockeye_salmon,Ad_steelhead,American_Shad,Atka_Mackerel,Bathyraja_interrupta,Bay_Goby,Bering_Flounder,Big_Skate,Blackbelly_Eelpout,Buffalo_Sculpin,Butter_Sole,Cabezon,California_Market_Squid,Capelin,China_Rockfish,Dover_Sole,Dungeness_crab,English_Sole,Eulachon,Giant_Pacific_Octopus,Giant_Wrymouth,Great_Sculpin,Juv_Atlantic_salmon,Juv_Chinook_salmon,Juv_chum_salmon,Juv_coho_salmon,Juv_cutthroat_trout,Juv_dolly_varden,Juv_pink_salmon_,Juv_sockeye_salmon,Juv_steelhead,Kelp_Greenling,Lingcod,Longfin_Smelt,Longspine_Combfish,Magister_armhook_squid,Northern_Anchovy,Northern_Clingfish,Northern_Smoothtongue,Pacific_Cod,Pacific_Hake,Pacific_Halibut,Pacific_Herring,Pacific_Red_Octopus,Pacific_Sand_Lance,Pacific_Sandfish,Pacific_Staghorn_Sculpin,Pacific_Tomcod,Padded_Sculpin,Pile_Surfperch,Plainfin_Midshipman,Prickly_Sculpin,Puget_Sound_Rockfish,Red_Irish_Lord,River_Lamprey,Rock_Gunnel,Sablefish,Saddleback_Gunnel,Sand_Sole,Shiner_Surfperch,Snake_Prickleback,Speckled_Sanddab,Spiny_Dogfish,Spotted_Ratfish,Starry_Flounder,Striped_Surfperch,Surf_Smelt,Tadpole_Sculpin,Threespine_Stickleback,Walleye_Pollock,Whitebait_Smelt,Whitespotted_Greenling,Wolf_Eel,Unnamed: 86,Batrachoidiformes,Cephalopoda,Chimaeriformes,Clupeiformes,Crustacea,Gadiformes,Gasterosteiformes,Gobiesociformes,Osmeriformes,Perciformes,Petromyzontiformes,Pleuronectiformes,Rajiformes,Salmoniformes,Scorpaeniformes,Squaliformes
Sex,0.0,13.530711890378784,0.2550607354064893,0.05794096717936348,0.1940528478600846,0.5457218912001068,0.5061874019323142,0.9682824105156672,0.01525205441588029,0.9472012005205522,0.5198702150162154,0.9362998461846279,0.32984255722423894,0.3775145989897034,0.9433876177821888,0.5040221082602002,0.9673120711511388,0.40435389292343527,0.27342534654365414,0.30941335869310815,0.9562728604844386,0.2932932185905567,0.4921588596623956,0.9058424625323073,0.251468662088418,0.10140893464593914,0.6140836654529381,0.5583997586003857,0.42642670272040384,0.5281820553513314,0.06237472973214242,0.1929401642252131,0.2079676850329052,0.6646577529853787,0.7625130838872215,0.4128366072091805,0.46085971818953286,0.40311554414694617,0.5504138278247867,0.9536598813904906,0.14807356999535048,0.6798627366468802,0.7813027882837983,0.39436833655430326,0.4643398075668119,0.028202714210639246,0.009937031174857114,0.5055398844692618,0.8011521011067724,0.23530611672052348,0.08310236037144325,0.8624112413916631,0.04208178409481467,0.13137667798817798,0.6092657344448772,0.565808956134453,0.6610983763479066,0.10407176388270134,0.10637590005444142,0.46230253477194905,0.7637077026048522,0.9389119010753436,0.5653549933768567,0.7431264377218504,0.8459464339614462,0.8437406688395511,0.2095626867737892,0.09969495243796811,0.3353075583328782,0.8351736440560191,0.9458778478278438,0.2961155828661278,0.6837927105523615,0.7004392154957517,0.4504710110971736,0.6260061776618498,0.915889786960421,0.5614955913830785,0.5024431457779873,0.38414824884680576,0.3330237780258305,0.9637921765725151,0.7445011365069325,0.4867065137721024,0.1467454243240507,0.07746055310001121,0.7227801896228426,0.6692062829247523,0.7474675629494999,0.41367835824593935,0.9045991423986275,0.6836090920654831,0.20865252047287264,0.5554680469234589,0.280522835277516,0.06330746400697751,0.5350352762051479,0.6892976902466816,0.18809195041346294,0.22734907950148886,0.9276910751566118,0.007216603087630835,0.23326638322107074
Sample ID,13.530711890378784,0.0,13.489968388303367,13.396010831470472,13.408669277765473,13.51955513576329,13.776285000819668,13.430555467508032,13.369637165550065,13.545198989413366,13.389626269015244,13.058803726605152,13.466086055271004,13.607529305059517,13.385830427858318,13.469447601862054,13.658737472059114,13.624037583574562,13.344193720208516,13.445609289287487,13.542609162756992,13.989103879350052,13.726933255136435,13.572756876754328,13.164622242817682,13.498173956390248,13.489264954771304,13.67117654194559,13.903308671442813,13.471171782226552,13.602484605715574,13.203318048502231,13.37570450672031,13.607009470372576,13.588992872543749,13.653808512394038,12.809001592770997,13.727458176271373,13.698984224092433,13.68611309202186,13.34136871337484,13.561234563679882,13.67398575568575,13.68643884952466,13.375792850664768,13.117875922709427,13.693962939343745,13.37838013658809,13.260228795282664,13.612983155380936,13.245600620147401,13.572990425672161,13.766886997616943,13.716615860309023,13.725043210857468,13.436227681777904,14.031294738641662,13.38389710079851,13.534784231248542,13.444476863439673,13.72818288378334,13.945332584285124,13.571194583508957,13.457062607285305,13.560657823195237,13.745185852148706,13.520706321691433,13.405244857692834,13.57449263183281,13.556915889647891,13.37051658169146,13.989010329531602,13.483039122703707,13.131943116325846,13.360470362844016,13.225103675613074,13.85246390177028,13.112944058473978,13.762450645557834,13.435890546478774,13.717448762547628,13.595219906208877,13.308135164135422,13.831273554962646,13.551814335634191,13.510245808559402,13.55212738770496,13.724478294008925,13.311584634656487,13.2422750601827,13.330266723724053,13.322683166371554,13.81803648215216,13.101668535582094,13.573894508022937,13.010156946857933,13.890069665287283,13.948497045590004,13.40625382959549,13.141550471014682,13.527629478485677,13.448869346696684,13.554791061500577
Season,0.2550607354064893,13.489968388303364,0.0,0.13762967306822582,0.7986408191572012,0.1569965970320869,0.5186090070424021,0.9977537883935133,0.7304911838520975,0.6953834137026238,0.17255888168228772,0.9037322697351753,0.6632838680302565,0.34125483026683046,0.4323405102035007,0.008446385678399615,0.7706648658610112,0.3261176778990541,0.4699712770134231,0.5932336431438288,0.08929312204582696,0.2697762490156137,0.6031692310395282,0.23683539326136338,0.7944474993202063,0.44298692902376824,0.2353835303079328,0.4746649339162672,0.6226860446081848,0.9899456932913717,0.5204797983036004,0.8133331786485032,0.030216403619169885,0.9832672809338182,0.7378676425209608,0.04262651257694816,0.4166221694480928,0.45005337766040143,0.7589818703835912,0.8018844511137616,0.6031835576415441,0.6102760324336219,0.518284757458234,0.7060697539926074,0.6351596753265545,0.23106920458186841,0.21934678001177976,0.06864831010334316,0.994844653939623,0.24773847844087693,0.7924454461669893,0.22939929826840055,0.8999406224708973,0.12575714614718603,0.5221363633071348,0.18076471039743125,0.27174530361019167,0.4463788038404075,0.48519516714114796,0.4564393860614744,0.751843085111993,0.7658586008503759,0.3537985885289918,0.6864619422725099,0.17471833261652425,0.6029817169959445,0.297327345595054,0.4211350322767612,0.8037653163776917,0.36250465013844857,0.6823284069578027,0.4757413596758807,0.6438268663941089,0.3884750460141363,0.5096695526107989,0.12400066777500429,0.9130043455094448,0.4921101653924085,0.8089523989813268,0.7635289842083194,0.8578831902343067,0.3003335231256712,0.7996966919099573,0.40243536204734287,0.8756914156554354,0.49186052956954596,0.17655443820451866,0.7092783657024976,0.3561879998123666,0.26483905539113295,0.6130247256600544,0.7803914258957644,0.33721827595899867,0.14585076751182446,0.6976574533579191,0.3143713404656725,0.07989835986325189,0.3990283481984628,0.9351956344200022,0.8584015986985438,0.014015287677238697,0.3528340026260993,0.8763372089756891
Site,0.05794096717936348,13.396010831470472,0.13762967306822582,0.0,0.9479583226551274,0.4269941365730253,0.6278833022855999,0.6575763983900027,0.1989706858582594,0.8487919576112914,0.6303820525353404,0.012576271188107446,0.07480626525731326,0.6874043870392189,0.4183464057292673,0.20370315055828436,0.884570758423925,0.7125428388680568,0.0916686396790608,0.8136659201781691,0.3904432915843694,0.9242131810924933,0.10658299178526309,0.8535143629108064,0.756649287467763,0.8762722486638779,0.04170315316984108,0.8809746663769443,0.02387068698594519,0.16071455459240014,0.1951966112977086,0.3407021962177411,0.575858140003209,0.045500217177781965,0.9297606642090848,0.6872188546437906,0.841168014116237,0.9897792209583031,0.5014884147075949,0.6798181967016366,0.28417152366053944,0.1722734810312866,0.6469513301375991,0.0287767049587625,0.8608792027847886,0.46571387620716587,0.8427361510491348,0.2509598543700716,0.6133651184926916,0.12141688080001745,0.5027459920943371,0.49786571942957636,0.6013274394224838,0.5392400863236418,0.5788009637982016,0.024725058994383597,0.3361585443224464,0.46178453963333854,0.4792800233457295,0.7093692306758489,0.07383124894825677,0.23192355868940095,0.08396312473917422,0.6493825503030571,0.7037290559160949,0.3053295828865753,0.13573783580715582,0.1906039961121505,0.2830055149991497,0.5625284249375597,0.7115846329075154,0.8656291329511905,0.9633543914816345,0.28480606285869714,0.2544233008101069,0.49864124575379243,0.054692391031447074,0.9227187745738715,0.2949028968704196,0.5969641838394617,0.5748550217100401,0.312127930682769,0.29966464880714727,0.10014511947652893,0.42806789201806106,0.14726558674934342,0.3731188503275229,0.09653195532337866,0.7691255258168147,0.2405909578909109,0.045644158879737495,0.019276477178872042,0.617953577411576,0.16529038819013375,0.5698733543088583,0.5262447086861047,0.7509171849182027,0.8972639064788712,0.07303850858475869,0.023511612217653077,0.35938354988511834,0.5400599603038121,0.8858174552160059
Month,0.1940528478600846,13.408669277765473,0.7986408191572012,0.9479583226551274,0.0,0.7181219570569458,0.9564506122718799,0.6548548871921996,0.8230616706406614,0.7474617823769462,0.9075070049466479,0.10753238519559838,0.5007658727154439,0.42633670905922505,0.014689834617058417,0.3919411389055588,0.39491858857122486,0.046990204383726586,0.8007792092952005,0.957817414026602,0.5633972743642893,0.2808899075523099,0.7223670491835251,0.33155126392296586,0.939693893913622,0.33138106679751933,0.0615175890231513,0.7676319523382934,0.09681091392513852,0.8324478214494332,0.7473643054174632,0.6780618307308456,0.7403732694540877,0.9744060389611603,0.22566118961797588,0.689693377388079,0.16286245265118404,0.2359077486137191,0.2650946478853142,0.843548583712413,0.9259210941900231,0.45772259626503664,0.21339721767094288,0.5958534699720149,0.695227041297631,0.275081866802773,0.05981101979521031,0.7856749276781823,0.2764798481847026,0.2699353235125299,0.8990624577877233,0.03836951001934552,0.41493412631152526,0.9310389321259313,0.4111673936576159,0.8989820605730099,0.6985819479664765,0.5675696993543751,0.711124386510251,0.33738541821735546,0.1614724263612929,0.12175602917451356,0.9883012666547842,0.7252087943040351,0.7419975669907289,0.1739096016344046,0.7739135911321493,0.8613871834557598,0.3976712510206699,0.5790174447395313,0.2846189396537063,0.8385737306209626,0.609904127190841,0.9907229688597885,0.16971341930959394,0.9457614034093039,0.8638683144254597,0.8692262152409691,0.021944147257293434,0.9966186063728006,0.5011905049499871,0.2411692714253576,0.05699500231718124,0.9036489022765107,0.1822226118561847,0.6545135897847014,0.07217668362307073,0.5824719486838321,0.0008293514840235217,0.7729413143188298,0.4210642270784326,0.12579413173273413,0.23019752694641638,0.9193547766355809,0.4897510389090073,0.5978473884275062,0.7820003636569932,0.63413950171144,0.9863498312041304,0.9700748481510788,0.763522954561014,0.9748087269509216,0.43540897293379777
Year,0.5457218912001068,13.51955513576329,0.1569965970320869,0.4269941365730253,0.7181219570569458,0.0,0.8585240067664652,0.7410137089739516,0.40563071859043476,0.734049967410231,0.9199878529365219,0.4493727084344248,0.005907148544767704,0.23837645035743893,0.028175869561059552,0.10182713582366709,0.9668537333355124,0.24085335402810237,0.21601696912939194,0.008063048200031009,0.8795442863099288,0.8544673321838959,0.8683926256062169,0.9018374386115944,0.8969876461800714,0.6074507210760578,0.6128756005730278,0.6905280592790449,0.6461670299623348,0.35999791767089107,0.49990955803149806,0.700407328196307,0.3433361317268724,0.19281527026870293,0.4011436583126109,0.8880744314154475,0.8270668391513929,0.5068919671038525,0.15989705754594996,0.006214768567555429,0.6589208569659697,0.9654424151123264,0.4144099725318391,0.5166182587418444,0.07885397020630625,0.5198007338911718,0.5845717067324292,0.9024365896595172,0.49049200318854036,0.9764564289225741,0.4685380636485619,0.4387541018759801,0.535996657487353,0.020348243492676055,0.2827407107202623,0.8450022155276128,0.8456299469449682,0.9938820149291352,0.9608516266702295,0.3478091160055402,0.929159674435189,0.760038681472245,0.42520391141024105,0.8165422016866983,0.49253104996981134,0.5512595162732845,0.7727324893888163,0.5578841745875905,0.5009358319561178,0.1996134626485523,0.9390448065024486,0.9682497378929139,0.1392387731667274,0.0996025878928356,0.20693992636692382,0.672489390455881,0.11115241036590284,0.9229570204332933,0.16760671494662327,0.70159477361101,0.32589772740758405,0.6374862057152374,0.8110262867374721,0.8983092763782528,0.8769952877122237,0.37500911379407875,0.8850654990793889,0.13759630510813659,0.44937898612559446,0.6689084130940526,0.8393501376956445,0.6277855637637859,0.6718573089064988,0.3190952827118696,0.9923517499807846,0.35925857991266696,0.8857949614430634,0.03202991752068696,0.8824718222850078,0.22577731205668505,0.638762582270259,0.1111918959160515,0.5328429586456953
Ad_Atlantic_Salmon,0.5061874019323142,13.776285000819668,0.5186090070424021,0.6278833022855999,0.9564506122718799,0.8585240067664652,0.0,0.7000382931865232,0.8506147578152063,0.9059612696056705,0.9356927926843963,0.019843670219935827,0.03259806024171774,0.3823034286882424,0.425924241229379,0.0627851981127111,0.08184898048011102,0.2659148832993893,0.8703494877401151,0.6613580715613314,0.6293959906592009,0.8559936181046929,0.40215903584325086,0.5576054865717054,0.9460592116373698,0.17111974563094234,0.5430021377346682,0.6654803983609681,0.6017439044084034,0.19818334872469723,0.1150892001827104,0.9271312682051125,0.636558661350963,0.13582853381513837,0.7264771678206474,0.8589069547359057,0.1319189752373906,0.3622679115450207,0.7673119213145586,0.26261432771148485,0.19250150480235084,0.6313660474812853,0.6377314241370956,0.48577760922962954,0.932694023264851,0.28829667168406004,0.4789912626664883,0.5496713219305279,0.46258446050794444,0.5662617179754832,0.06895926798148788,0.2721279070951157,0.747369439771453,0.7711549784108587,0.3403212474688402,0.7145315008193478,0.6212616871915153,0.9998942248708272,0.7689328764153462,0.12621703976082743,0.24139228004226976,0.791809139515931,0.5278149930090433,0.14182779873126528,0.16966791132568748,0.7492418066064296,0.5928237304075799,0.7600649738308949,0.382906990479601,0.2145622659449512,0.14113677269023028,0.30128372708501183,0.6276399188233022,0.9857147599422591,0.5456675067172343,0.5807835676204771,0.669537379621923,0.7552123907172396,0.9299099981286312,0.45685043850367835,0.17150715846519626,0.9043481120254225,0.24861249340691638,0.5253891505751533,0.2207283126370314,0.41262024697514377,0.19382611440252906,0.9766446545329487,0.8192491885126645,0.8022650675291431,0.3369983689687679,0.2084212582568875,0.1864155257228386,0.40243716243788674,0.9490361082723836,0.8877550409280464,0.2049871584670233,0.6706212849229921,0.20892113543508783,0.47201520914254513,0.7436455108644627,0.01238669206072529,0.6517249955887293
Ad_cutthroat_trout,0.9682824105156672,13.430555467508032,0.9977537883935133,0.6575763983900027,0.6548548871921996,0.7410137089739516,0.7000382931865232,0.0,0.96589723822552,0.9406068952675335,0.45306050972787415,0.5933174533163684,0.13157268359828456,0.8026766574289493,0.025415980410386174,0.3035788058602088,0.17446912739078602,0.15029723979772602,0.8542975751976858,0.8537690938331537,0.15404198442393757,0.49764956025535645,0.15756119271472024,0.6874485159477005,0.090416513215131,0.7098054298887603,0.4033832349817883,0.7006648331971181,0.3172189760181434,0.18954966498569703,0.4468189768655374,0.4933554307219379,0.3216290392850687,0.17778996384061552,0.5846463986598738,0.7624088778195479,0.41474581991774495,0.3663639058185758,0.246937236024521,0.43657484361030996,0.9304255448123675,0.9340060333852069,0.028289477898607807,0.9147885483199827,0.834070423505811,0.7770852986414856,0.14400082135324332,0.9542635574372262,0.28183995720157085,0.24920602039213813,0.44143798001924606,0.01893079458640312,0.12442571785995837,0.22412416170807647,0.5281732908631417,0.3606872389509428,0.26513432068642984,0.16028040744916405,0.6422309689344088,0.10688812387752511,0.526102703529045,0.0694067853084912,0.1965816089047031,0.8142808351536255,0.26518366562230256,0.3614001884078569,0.3631553019124253,0.20216967131331465,0.23282522097501712,0.28343020410511377,0.004325237987153896,0.28231604378648256,0.4496608357723284,0.8253125302410352,0.4777984555718666,0.023415723955684142,0.7156208506969878,0.7831547018912133,0.20407489750929575,0.49581945896792223,0.09492439894324711,0.8852407172981955,0.6183171864178815,0.7510524496270997,0.409661105389032,0.74627788066015,0.6780853951643536,0.11698271701905094,0.5519291678820099,0.820807393409614,0.7937335310557618,0.13208383252293088,0.7819979729649311,0.7808907995764564,0.2671144558869829,0.6560756701578137,0.9812491827785301,0.9953912649922916,0.45807977339919037,0.2750502992847307,0.2711318373010435,0.3700768705418851,0.9105249548707353
Ad_dolly_varden,0.01525205441588029,13.369637165550065,0.7304911838520975,0.1989706858582594,0.8230616706406614,0.40563071859043476,0.8506147578152063,0.96589723822552,0.0,0.13756522917509717,0.7877045307396437,0.7494492880128705,0.03919900214859762,0.3231058920903327,0.4319577728400661,0.32375646090498966,0.5127728295213272,0.2481689651316734,0.8794995474934687,0.8635429135834503,0.896718224738625,0.8887474219107125,0.814756263302133,0.04830157944002322,0.6684376403277534,0.8829554232200316,0.9681509801896127,0.02980138781210162,0.6264439201301831,0.29707912724264063,0.09503473409981888,0.4704757051427074,0.6365452288815261,0.270187718083871,0.28387496288231884,0.7934362126099885,0.855648542805948,0.28960293596594144,0.20321573272813276,0.47272629825642953,0.23326997458732612,0.9124203276042189,0.10841741767730972,0.8045062760357662,0.9435610804381359,0.36626569665429387,0.6330228987625006,0.811706507046575,0.11595975030331174,0.1327427956759195,0.45614473327997607,0.31878951730392135,0.18395893968458088,0.09758900387302638,0.17882817810579288,0.4114390692630754,0.40540457149709586,0.8435903141003562,0.21432028951367588,0.5443874389332255,0.7916407070133313,0.735794011536045,0.3810309205731838,0.07595677775381371,0.35298212852029753,0.9995260270511298,0.20177944436446682,0.13614896467007576,0.5756620801568316,0.2723456769824596,0.561963859697179,0.04874299012652061,0.6107267426010853,0.0145273810990032,0.2769815162283079,0.22693690726237725,0.17472353947299935,0.5295044724030205,0.8596905018592077,0.2049300478895436,0.9965709734972951,0.009774456444261781,0.7027795206656721,0.5473116308310326,0.1915158600127953,0.265962012261303,0.9879013015188731,0.05395464586235166,0.02339350312834587,0.5528143835988104,0.8510098041223241,0.8285195756244896,0.09024574937762952,0.005022958852087367,0.8014897560922373,0.3434306622177218,0.7135120048881989,0.017664357164987377,0.7325229358827524,0.25291898042663186,0.7997211063922921,0.6535124458785776,0.039714782349131394
Ad_Chinook_salmon,0.9472012005205522,13.545198989413366,0.6953834137026238,0.8487919576112914,0.7474617823769462,0.734049967410231,0.9059612696056705,0.9406068952675335,0.13756522917509717,0.0,0.8039643518451719,0.5227172669817529,0.8339678227848044,0.623465775774382,0.24623914383394618,0.020897689435674716,0.3111954317670872,0.811111315957932,0.24894634582183917,0.49208038818419564,0.854314390545526,0.6055704785262942,0.6776485895321752,0.19945894894922023,0.504398376018525,0.7560525090584892,0.16919392252338017,0.05196637591106723,0.9148249773766124,0.6618157211025875,0.6099705567451807,0.397860940164,0.7273805457554914,0.9555704375537524,0.6607234309807744,0.8116357082269074,0.04975073993352841,0.6525373268266574,0.07319051306653113,0.7580042604322504,0.4877283661326822,0.3725460938225478,0.308100864212177,0.9497669159028961,0.2898352572662366,0.4523394561539461,0.4402777107614695,0.7824942205836615,0.5799739328377008,0.43594172805516196,0.08609460341459729,0.7178253746920447,0.5891397925573019,0.97507272374313,0.713832842358348,0.8443741118527646,0.889384061976621,0.11244525495769475,0.841269578437432,0.0343948939174733,0.40576586697783734,0.03359943836571666,0.019978738916445526,0.596934586268457,0.32919741445729556,0.07717247855050169,0.6692114025213982,0.15959795485066597,0.0873081251390615,0.7485069431770628,0.8852779245804825,0.8163129475263001,0.5790451997128687,0.5469255599797656,0.26996241501038654,0.11341023374701165,0.8330732195346581,0.563086979776194,0.10412673984124465,0.4224304380418161,0.9793864150007581,0.80390913148752,0.8973361805592754,0.774912452990365,0.42004904327557646,0.6257783985641536,0.6640249002912212,0.2680756932953505,0.42587098149869307,0.2026284354458021,0.9975800164252995,0.3404553076406882,0.11845161977244512,0.38381314645108233,0.6703147975229719,0.33915012998795724,0.6960571155917811,0.5189393411168873,0.5316691682344424,0.26935741669331226,0.3356215842052619,0.1953692344000778,0.24486015124605742
Ad_chum_salmon,0.5198702150162154,13.389626269015244,0.17255888168228772,0.6303820525353404,0.9075070049466479,0.9199878529365219,0.9356927926843963,0.45306050972787415,0.7877045307396437,0.8039643518451719,0.0,0.7323874320760161,0.7883049876422219,0.2787611180573698,0.046538406444054714,0.5733487629923132,0.47363762611390636,0.0742345808823951,0.3335621050756372,0.499912776182153,0.0010459246173858405,0.9482689672803968,0.9986124413734749,0.9084882857332611,0.905130580575209,0.2924486173210257,0.8973985283381712,0.2246841846961929,0.14244714617422427,0.6350416766241316,0.4603172912727339,0.9923026396953805,0.01500197040145912,0.4440747824123217,0.06768511414066225,0.4017707320712205,0.8700051757548866,0.8874200696881769,0.34190015030428844,0.28348097923671056,0.8936798218908774,0.13327323961090254,0.9518310077980692,0.47067574093824793,0.019530625105548705,0.9272543334378966,0.6892981847660234,0.6814058969024244,0.6434174161338688,0.21066340253777827,0.2470399403883642,0.1397731118397868,0.04438148481871218,0.5996897482632747,0.01569342376598981,0.20214381432096407,0.9483314342039926,0.5537735819940042,0.9752368406111156,0.12410719496844891,0.9126001766101037,0.3398593512217636,0.42454388176552815,0.7589433200893038,0.5429967728292008,0.33017974008025,0.8020904120293106,0.08812243028465516,0.6789099034507735,0.04610177370611879,0.03229220876939243,0.28953395351246736,0.2918932102578573,0.7237198440814082,0.41867029498147135,0.9787746035261472,0.9534264480184037,0.03735084791246668,0.2858234267228432,0.8082192908620769,0.26792634575039975,0.9146235018571214,0.83491606210481,0.23380261450165885,0.610936510529392,0.47123759107947727,0.8192330726458547,0.17480071061568525,0.9881224772723913,0.6776343905272237,0.8248594863952079,0.28860082331998904,0.6077432903717208,0.8798791508159979,0.3626489461747834,0.33594303742125065,0.3042836908666101,0.28492360183592547,0.8559623502874805,0.10050605861144968,0.6794662251387803,0.18016590371306518,0.053677081706266505
Ad_coho_salmon,0.9362998461846279,13.058803726605152,0.9037322697351753,0.012576271188107446,0.10753238519559838,0.4493727084344248,0.019843670219935827,0.5933174533163684,0.7494492880128705,0.5227172669817529,0.7323874320760161,0.0,0.9411135259848977,0.3741420446851884,0.9088687226341298,0.9749854877805989,0.8667843691315404,0.3275773655855847,0.8862214974900299,0.26170389430971297,0.9087593826574809,0.5579388904498918,0.06803588895439994,0.5406666467168214,0.22158887778921155,0.32391628106371506,0.1786393167382001,0.06626136171380037,0.8940484896035096,0.20365064615689576,0.361212687034699,0.3681748362270798,0.44646985816456586,0.45776090037757544,0.734469397591038,0.33493322428124606,0.943293298089005,0.0965783631073256,0.8522721378419575,0.3604265652555515,0.6113178417586101,0.5115619596025335,0.059624439173260324,0.3884604847959161,0.9437735346195653,0.7124423703143093,0.8596195259308025,0.13502637135597684,0.4572099728445347,0.5528126150079248,0.7330470459848742,0.7023328641391745,0.9811116826211312,0.25808838281750845,0.4250715241629449,0.8529763470781001,0.7765808685988229,0.6129330126902691,0.21471495404632024,0.929509694413797,0.7135314295900685,0.397645686556922,0.2634488493914904,0.8622085186938849,0.7874204610348345,0.6343761392976339,0.581574366519153,0.2106331140933131,0.11267025394679908,0.4819573173112567,0.27535489697003723,0.04747782540204959,0.939006235891064,0.4172710511871103,0.6067286946827207,0.20307547927287772,0.16412630043913878,0.9877865553633802,0.3120993342964784,0.217625516035308,0.5062695644448141,0.5601089828804005,0.6958306673393448,0.7471749661935815,0.9480161991068876,0.4944272929013802,0.4906796325778554,0.18813037880884076,0.08681115379561266,0.4922231456723487,0.9853118183164303,0.15666280200782245,0.9187327112990463,0.9006360713319395,0.893752935698329,0.28099412279432534,0.5955854442155307,0.5967400798665774,0.15787063621268194,0.5602270906072948,0.028493258183951653,0.8027239189484842,0.04006757206312195
Ad_pink_salmon,0.32984255722423894,13.466086055271004,0.6632838680302565,0.07480626525731326,0.5007658727154439,0.005907148544767704,0.03259806024171774,0.13157268359828456,0.03919900214859762,0.8339678227848044,0.7883049876422219,0.9411135259848977,0.0,0.4069510521305484,0.7230612346951798,0.49642342826505625,0.45649807741537574,0.5038760286897894,0.4100168307463655,0.07833652900796984,0.05769226986416465,0.5116924231463605,0.8506851540055828,0.2506231790773251,0.6055663478245068,0.7689962923819207,0.5452854411598992,0.5522682498077136,0.6347290454418316,0.4374568303052834,0.17887703782804998,0.7095508495742,0.10893539121565932,0.2527551447940459,0.06015592190136887,0.5050220363373652,0.1565878934023095,0.5585092941333061,0.058011038398249726,0.4988599415543593,0.4309363865867687,0.5706184020010239,0.6033433327953179,0.30155485908861723,0.5477456095977714,0.6763062792457548,0.43158536874229936,0.5703388450373397,0.13463467795201878,0.6779127024286422,0.5583629502831227,0.604789404049014,0.6343829136422368,0.2642432508954259,0.4667331072312363,0.5445551761932156,0.625056437518646,0.3313871882520667,0.9010902111885426,0.28272308141881464,0.8994731313224333,0.41391394253788083,0.6845999102697421,0.6238427474347052,0.1168207514542724,0.12581668238549892,0.32387514594266686,0.034926527154357845,0.5752287449339206,0.25632351061561975,0.09054376203125558,0.7773166065270718,0.6700310730144705,0.8312265654375994,0.3067297044707271,0.3433286946859092,0.315017018206292,0.5473549611830225,0.16450099643952532,0.5275822110438844,0.7563755371216541,0.814235862491149,0.8225720521933108,0.8916870817408944,0.8907033927497922,0.8103263344343783,0.8917815018635061,0.002358597726630718,0.5945163421243542,0.4965357597259502,0.4678168758168668,0.6360001706046985,0.6182288859091036,0.8146375852885317,0.8837146314600807,0.545201328610597,0.03607216546410419,0.07131767495055596,0.7396665050170634,0.256069117862216,0.7784645584496858,0.7822402643545433,0.136401845014544
Ad_sockeye_salmon,0.3775145989897034,13.607529305059517,0.34125483026683046,0.6874043870392189,0.42633670905922505,0.23837645035743893,0.3823034286882424,0.8026766574289493,0.3231058920903327,0.623465775774382,0.2787611180573698,0.3741420446851884,0.4069510521305484,0.0,0.39079740573917565,0.09949925182572239,0.44931871467306617,0.519509130005239,0.9483186452767876,0.10984134868956386,0.7254651676665543,0.10830197669094765,0.17290935396505824,0.20655765696074857,0.5587801705216424,0.24611906793810068,0.1519138119778537,0.16604612532016683,0.7168140973751276,0.594459625838457,0.20825499408337966,0.15846871671046114,0.2819721902649315,0.7882539705153151,0.0426665594461374,0.48560861094428653,0.3985753154283038,0.274800691508827,0.9412696248707814,0.4752745743536866,0.3900054031349065,0.3254792271623336,0.29257728672811734,0.8821934662929073,0.7254522382224012,0.8227856831598366,0.5925026198063902,0.030117558247846343,0.8362508567982095,0.4526757373333339,0.16527273821520883,0.9801026344548855,0.46352380222786305,0.6276523779188211,0.525690996924047,0.529128263719978,0.7569861649557448,0.7638718671490421,0.581932794986968,0.442284505252188,0.928642110266501,0.4052776836773778,0.8841953092435957,0.6798127527474287,0.163809445732651,0.67905076427007,0.6165116211543507,0.8770529901576142,0.27792339992051607,0.8476959705268242,0.5550030737544797,0.21625779361716024,0.29531914935782555,0.2837633124355753,0.7558670330204024,0.8022972944745321,0.5432485255129462,0.3100137594873337,0.6003621324696243,0.5270953087355585,0.5744228749156522,0.812868804717777,0.4153077785078829,0.6122523178227386,4.073954479011377e-05,0.5379086631454476,0.5940239203294654,0.382554222481704,0.22051521773066296,0.3873887884573114,0.9804231019528713,0.8219719358937458,0.8852961481600038,0.6849780073161807,0.8078898390773599,0.3089146097388884,0.34160397576014456,0.8890117334862324,0.8121534995391394,0.7034883810508761,0.6597679862619947,0.75485732459962,0.39898891445745466
Ad_steelhead,0.9433876177821888,13.385830427858318,0.4323405102035007,0.4183464057292673,0.014689834617058417,0.028175869561059552,0.425924241229379,0.025415980410386174,0.4319577728400661,0.24623914383394618,0.046538406444054714,0.9088687226341298,0.7230612346951798,0.39079740573917565,0.0,0.7203815414569469,0.9814540386348805,0.5910616321826637,0.7699724531879052,0.4608658456388297,0.6994545074326689,0.8220442891216276,0.8405500883503073,0.2891037582736976,0.9395958363087383,0.825164743367545,0.526365084469829,0.41725477026137947,0.09149580435375193,0.47706402893530364,0.05660934382921268,0.07050281276182868,0.6869226210042366,0.946408587615251,0.572688951423959,0.15581542181243624,0.17160683165767698,0.6402375125873102,0.9781868525122703,0.2056494916863859,0.3462980240849719,0.7123520907921557,0.6567580977530822,0.8112705003097761,0.6707706330554396,0.11383602614063848,0.14857801616824085,0.7811707722607847,0.9664795883962932,0.2381125757123268,0.40283297497099013,0.1584134780577836,0.8617547473848799,0.023603750007112123,0.4654967088760963,0.4928247740075502,0.35418031273160266,0.8500135205249657,0.7535722683659732,0.24562673696840276,0.46525547394787414,0.9019872762838338,0.7393753993871972,0.4431988145447071,0.3766151232088272,0.8887321028206676,0.10683844066470649,0.11625866787300387,0.12017277427555684,0.7385004749540643,0.6620866073264432,0.17909701878959572,0.3386222363294211,0.7443093862725648,0.5808874372041818,0.47413314215718594,0.12600168104270015,0.32467040077827536,0.5530077365533707,0.2656028039909796,0.7087056361649758,0.55715723573388,0.9140196683913253,0.03262546794967103,0.6023552188353127,0.3227496344128734,0.7664694381468928,0.7286710441281289,0.10856618569061727,0.07728608761734279,0.2767630812002958,0.8456713763758529,0.8454897151072427,0.9879576210604591,0.7947968061730246,0.7777010987068154,0.3086286925110763,0.3302835322670009,0.16364525067287672,0.5734214001830547,0.010097995540729432,0.4032929143492846,0.8927401677826672
American_Shad,0.5040221082602002,13.469447601862054,0.008446385678399615,0.20370315055828436,0.3919411389055588,0.10182713582366709,0.0627851981127111,0.3035788058602088,0.32375646090498966,0.020897689435674716,0.5733487629923132,0.9749854877805989,0.49642342826505625,0.09949925182572239,0.7203815414569469,0.0,0.43457994557348156,0.5319800973116122,0.1929092409941192,0.7372017647611248,0.3680409108306415,0.45159401454771786,0.26605252630589815,0.5517054084711308,0.4671092045129208,0.0026115246640254774,0.34323325707106245,0.6899713400014466,0.4917884684695558,0.5087944392047106,0.22689813805806525,0.9391650377520985,0.2995886212780178,0.7170614929488182,0.205238511896929,0.5050502606003867,0.1574880072398387,0.9229798792404581,0.11481771342241998,0.19779379130600305,0.9695226155677654,0.1703313437261076,0.3499961534410586,0.2142086707044012,0.11123512435767591,0.4532380799922734,0.159237087223269,0.08105152002917948,0.810722878417665,0.24590257765888413,0.9247465314137256,0.8184469301840703,0.48737054704480154,0.7624610232428058,0.690288206668617,0.8876944510389806,0.0833551040996714,0.4069815794595264,0.48388294727105985,0.4776220928847744,0.3034091589049003,0.18198711540040402,0.17329771171297714,0.36611017947747904,0.21114844548510903,0.5695685035924938,0.3824836856196234,0.5638995234092545,0.6253130487172334,0.5293074185521716,0.8373330396925222,0.5135667053049116,0.8253342733485332,0.025923364241766333,0.8837379672329703,0.7232374313291717,0.47433412055021484,0.08230422936171367,0.10226367534979042,0.7945119888399149,0.7191741576118321,0.8989402423028496,0.16948311978917263,0.09104512679589571,0.21777333912043262,0.22175753099568363,0.6741193022465398,0.13525316160709488,0.9879554081135777,0.215244927140117,0.09146720150012244,0.447542282295742,0.8511864808674238,0.6021784121498855,0.6369160748409068,0.4403931130095522,0.24386509518752308,0.3064350810723885,0.057535200115773066,0.8382198171462262,0.7301819250163708,0.7244518038718609,0.3782758251707399
Atka_Mackerel,0.9673120711511388,13.658737472059114,0.7706648658610112,0.884570758423925,0.39491858857122486,0.9668537333355124,0.08184898048011102,0.17446912739078602,0.5127728295213272,0.3111954317670872,0.47363762611390636,0.8667843691315404,0.45649807741537574,0.44931871467306617,0.9814540386348805,0.43457994557348156,0.0,0.385904609196976,0.6986761362915579,0.4239382051659939,0.4962559379104966,0.14811233390680956,0.600347590386772,0.029281613828672115,0.5568231312862989,0.8922664450169036,0.07736200773491009,0.8832677572723305,0.8062938828507261,0.8855994167159219,0.17203727229348464,0.408619595010673,0.474242196783612,0.15874515706894443,0.5639339033102166,0.19202366556374773,0.3145873415703778,0.2623055133646416,0.7752378954714065,0.2526766046576613,0.008126911375977208,0.05265854012728399,0.2575898504498815,0.641338120784262,0.010634990851498327,0.751637752889683,0.11514268850402465,0.6521024656370222,0.8524422405551483,0.7830367756515768,0.6082539806068367,0.783363722924534,0.0905382522003556,0.47629618292039577,0.020765375433485556,0.9964735407190755,0.8096037610403544,0.297993851598472,0.5305119367638262,0.20632072837113635,0.15617828397527522,0.6736851360634141,0.4060981586465965,0.4196088340743318,0.26415691632936333,0.415666307081073,0.3600783865404731,0.6060195622243063,0.32584324611177984,0.11224296895801344,0.5737328511113402,0.696000816564374,0.15705158331622626,0.4296618355399092,0.9414116523234335,0.27920951525512616,0.40765410759297716,0.5432009653315695,0.2968852550679155,0.673029614299251,0.5359069389983107,0.4149881323010641,0.543938724174961,0.857878063753246,0.3441808992216264,0.6747326799570913,0.02749437431222601,0.27325786375473915,0.8023609310647805,0.01318686000916558,0.7022888081773356,0.15999042520702023,0.7447827208648283,0.3700858471833931,0.6826147741238257,0.40207647900009913,0.8768355478632405,0.3864577794217857,0.2679362588908206,0.03250407134855182,0.6358011870109571,0.8780011522915473,0.5717921045918255
Bathyraja_interrupta,0.40435389292343527,13.624037583574562,0.3261176778990541,0.7125428388680568,0.046990204383726586,0.24085335402810237,0.2659148832993893,0.15029723979772602,0.2481689651316734,0.811111315957932,0.0742345808823951,0.3275773655855847,0.5038760286897894,0.519509130005239,0.5910616321826637,0.5319800973116122,0.385904609196976,0.0,0.6220124710639563,0.6903528213406789,0.7978623743596523,0.2195498981875713,0.8775177092657064,0.3743952542398754,0.1446765955962782,0.38707035485041663,0.06575740908845384,0.24941013792416733,0.4722694468976968,0.43805669434348216,0.2540069100031802,0.29959098407002327,0.5861342132699674,0.8749820773975054,0.32527113153337006,0.7538440528966368,0.3202962362498841,0.5676166601830869,0.20683205430025198,0.8530008077140321,0.17579281940409486,0.2082651689654459,0.9174233961413122,0.3012108473908256,0.04067284273272476,0.2141239405060088,0.6871877397123624,0.7059322903912917,0.08842748816210488,0.556179522287924,0.2397916171392821,0.7946755250174355,0.7672665850909834,0.28944666603152247,0.8322338448782706,0.8804479730531248,0.66923591487274,0.9969935297366738,0.8000007255261227,0.7195481135018661,0.6853061496378461,0.16964589302345234,0.8027141862634455,0.28617530518976897,0.15347705526466404,0.14682886072749612,0.25923929754921216,0.5634604398719734,0.03155039395485293,0.7912657601157465,0.8903134295587131,0.9925052632255944,0.741955737941856,0.03516264784972478,0.8801365981564686,0.4229815448496844,0.16919477394780846,0.9111273934853683,0.693050584814559,0.9699490472171604,0.6587857751191734,0.13787473363354963,0.9570033374169438,0.34155027796826154,0.09836565267183472,0.3043481773498259,0.3731025691943344,0.812179774936477,0.38437963717362045,0.08021708917466575,0.39062350101706145,0.3720129939565071,0.5468367843757189,0.6348135152109898,0.12315408401127259,0.8946954174656949,0.3936328760917581,0.03182276660016403,0.4272908207408972,0.29749532162218983,0.5295933134126026,0.9126202947283545,0.4692562138914186
Bay_Goby,0.27342534654365414,13.344193720208516,0.4699712770134231,0.0916686396790608,0.8007792092952005,0.21601696912939194,0.8703494877401151,0.8542975751976858,0.8794995474934687,0.24894634582183917,0.3335621050756372,0.8862214974900299,0.4100168307463655,0.9483186452767876,0.7699724531879052,0.1929092409941192,0.6986761362915579,0.6220124710639563,0.0,0.5651121880217855,0.18621675515379477,0.4881009045511122,0.13737313405804008,0.9547552601949472,0.2414045042465438,0.9437928465725934,0.18122812377713293,0.5564317098190305,0.6686711483289556,0.17682875943436505,0.4260220163543841,0.7599701279225612,0.0892427815679937,0.10893391590495594,0.9703790765476529,0.6503563176807613,0.013024587454385839,0.21765489394609816,0.5027413537969782,0.9540893858301902,0.0002964870516518614,0.20239089659724496,0.8905994519212436,0.2080161286357164,0.038417660008208676,0.2987273371540262,0.2918693767182927,0.9542062828609751,0.12356292500375543,0.194764339471588,0.4251468324900666,0.5556461635217103,0.6588122451313129,0.1857531037614616,0.7370855800737102,0.9920338161169896,0.0008465832309778598,0.9384978187526726,0.6141035063437509,0.051204929631634255,0.26120921334802083,0.9894533124805104,0.8881574879158513,0.04611773236989314,0.26629102509861957,0.8137684635354316,0.038393353867380964,0.4307555138661724,0.2768198828040336,0.3010776371335996,0.3514984204293651,0.2566769539085496,0.22848736870523356,0.42747094276691355,0.5922594559195549,0.09482784667324795,0.6493154002029216,0.6016752656340086,0.16558471872300273,0.4275477711153941,0.9006700301826087,0.35807763252342184,0.9553667859190899,0.352909340115687,0.04468388420876179,0.493516929015403,0.6149523798655842,0.4648398056376729,0.7473054276325423,0.9582495438919074,0.814753570855018,0.5185638864252567,0.20838015939823262,0.07949405350639716,0.21636540136616667,0.03780064840075059,0.16553566973968226,0.8912320863795088,0.44552901894859276,0.4930023866752582,0.07486935698668362,0.7462839960435006,0.6638221647139233
